AL07 2121 1009 0000 0002 35
AD02 0001 2030 2003 5910 01
BA09 1290 0794 0102 8494
DE00 7005 1755 0000 0072 29
EE08 2200 2210 2014 5685
FR04 2004 1010 0505 0001 3
GR06 0110 1250 0000 0001 23
IS04 0159 2600 7654 5510 73
KZ01 0000 0000 1234 5601
XK05 1212 0123 4567 8906
HR02 1001 0051 8630 0016 0
LT02 1000 0111 0100 1000
LU08 0019 4006 4475 0000
AG00 0225 1000 1310 4168
MC03 2005 2222 1001 1223 3
ME05 2020 0001 2345 6789 51
AT01 1904 3002 3457 3201
PL07 1140 2004 0000 3002 01
PT00 0002 0123 1234 5678 90
SE05 5000 0000 0549 1000 00
RS05 2600 0560 1001 6113 79
SK01 1200 0000 1987 4263 75
ES01 2100 0418 4502 0005 13
CZ05 0800 0000 1920 0014 53
TR03 0006 1005 1978 6457 84
UA57 3543 4700 0676 2462 05
HU02 1177 3016 1111 1018 00
VA59 0011 2300 0012 3456 78
MR03 0002 0001 0100 0012 34
ST68 0001 0001 0051 8453 10
TN09 1420 7207 1007 0712 96
BR00 0036 0305 0000 1000 97
CR05 1520 2001 0262 8406 6
IL00 0108 0000 0009 9999 00
LB02 0999 0000 0001 0019 01
SA03 8000 0000 6080 1016 75
TL38 0080 0123 4567 8910 15
TN09 1420 7207 1007 0712 96
AE00 0331 2345 6789 0123 45
CY07 0020 0128 0000 0012 00
